# longitude latitude
 +40.0486  +60.0544
 +56.4147  +64.8992
 +54.0933  +58.9375
 +48.9668  +58.0338
 +51.5419  +60.3344
 +42.1600  +61.0800
 +56.2983  +58.2189
 +58.6283  +57.6886
 +60.7653  +58.8726
 +61.1744  +57.9397
 +71.7678  +40.4772
 +76.1519  +39.7061
 +81.0758  +43.1228
 +86.5683  +42.0586
 +82.3801  +50.0746
 +102.7750  +46.2639
 +115.7703  +33.8772
 +119.5672  +35.5794
 +130.7352  +32.8587
 +130.7189  +32.8136
 +129.1386  +35.7494
 +135.6319  +34.6205
 +135.7833  +34.6333
 +137.7311  -35.0440
 +139.7055  +36.0576
 +139.7956  +35.7936
 +140.0333  +35.4800
 +140.3116  +35.3097
 +138.7833  +34.6667
 +138.9425  -35.0029
 +135.5489  +34.4965
 +138.2000  +34.6667
 +135.0391  +35.1603
 +133.9350  +34.6617
 +128.4081  +36.9750
 +134.0000  +46.2200
 +130.8500  +45.8000
 +138.7667  +47.2333
 +117.9377  +50.9252
 +145.4000  -36.3833
 +144.1500  -35.7333
 +146.9188  -36.1454
 +150.2823  -34.4916
 +150.9833  -33.3833
 +176.8242  -39.6744
 +175.3000  -38.0500
 +175.4500  -37.8667
 +176.1333  -37.7167
 +151.6098  -32.9749
 +173.5057  -35.3932
 +147.2500  -33.5333
 +149.9667  -36.3500
 +142.4578  +44.3506
 +140.1167  +37.6833
 +139.5833  +36.3667
 +139.0897  +35.6717
 +139.8500  +35.7500
 +139.6297  +35.8559
 +139.2236  +35.3711
 +136.9667  +35.0500
 +139.0000  +36.5000
 +126.9000  +34.5500
 +126.2978  +34.4667
 +117.0453  +24.2819
 +103.0230  +21.3860
 +91.3500  +29.6667
 +90.1667  +23.9833
 +86.4500  +22.5167
 +84.8833  +26.0833
 +87.8487  +24.2243
 +83.9667  +21.4500
 +82.0438  +17.2444
 +80.2781  +13.0819
 +80.1333  +12.9500
 +80.2408  +13.0700
 +80.0500  +15.3500
 +79.8757  +7.1643
 +79.9159  +6.8545
 +80.1667  +7.4833
 +79.9003  +7.2180
 +80.4500  +5.9667
 +78.9406  +9.8228
 +80.4167  +7.4833
 +75.5667  +11.9667
 +75.8689  +11.1780
 +75.5167  +18.0167
 +73.3667  +18.6167
 +72.8000  +19.1833
 +70.3000  +21.1597
 +70.0333  +21.8833
 +57.4833  -20.3000
 +57.5802  -20.0184
 +63.4083  -19.6944
 +55.2746  +25.2219
 +35.5630  +32.7138
 +35.3934  +32.5602
 +31.2667  +31.0000
 +34.7296  +31.6625
 +35.0658  +32.1858
 +35.0208  +32.5635
 +30.1292  +31.1397
 +30.8418  +29.3099
 +28.2671  -25.8259
 +27.9000  -26.0333
 +28.4145  -26.2047
 +28.1500  +38.2000
 +27.1667  +38.1333
 +29.4944  +40.8861
 +28.9684  +41.0318
 +27.9467  +39.6817
 +24.7500  +41.5000
 +24.1000  +42.1833
 +26.8000  +44.5333
 +26.8333  +43.5667
 +26.9011  +40.8900
 +23.3167  +42.6333
 +24.7333  +42.3500
 +24.8667  +43.4667
 +23.5000  +43.5167
 +26.1833  +42.1167
 +32.8953  +40.0320
 +28.3030  -26.2220
 +23.9650  +38.2025
 +18.1616  -33.3444
 +6.5946  +5.8618
 +3.9000  +7.8000
 +7.5833  +10.8000
 +14.6833  -13.7833
 +27.1500  -24.9333
 +28.1167  -25.8000
 +30.8864  -29.9657
 +30.8558  -30.0963
 +27.2329  -31.7031
 +31.0001  -29.8348
 +35.1667  +31.8833
 +35.8667  -1.0833
 +36.8167  -1.2833
 +37.6500  -0.3333
 +47.1627  +23.9915
 +37.0167  -0.1667
 +28.2703  -26.0579
 +38.9333  +15.3333
 +35.6178  +33.9808
 +35.7167  +34.1167
 +35.7019  +36.9737
 +36.1333  +36.0167
 +34.6252  +38.7459
 +30.2011  +40.8486
 +25.0833  +45.0500
 +19.9500  +48.1500
 +14.2167  +48.2667
 +11.2333  +47.8833
 +11.3667  +47.1667
 +10.6667  +47.0833
 +10.6136  +47.9300
 +8.9167  +47.8167
 +8.0167  +47.7500
 +8.5877  +47.2485
 +8.5575  +47.6811
 +10.3000  +49.5167
 +10.8167  +49.7667
 +10.3500  +49.5833
 +10.5667  +49.5667
 +11.4333  +48.6000
 +11.9333  +49.0333
 +12.8167  +49.0833
 +12.0667  +49.6333
 +12.3500  +49.4333
 +13.7500  +48.4833
 +13.9000  +48.2333
 +15.1167  +48.3333
 +15.3167  +48.4833
 +15.4667  +48.2000
 +15.4500  +48.8000
 +13.2167  +47.9167
 +12.7000  +47.6167
 +11.6667  +46.7667
 +11.2500  +46.9167
 +11.4833  +45.7000
 +11.6833  +46.4333
 +12.5000  +45.6833
 +7.3853  +43.7520
 +7.4333  +45.0500
 +9.0333  +44.8167
 +9.3833  +44.8833
 +11.8333  +44.7167
 +15.4467  +46.3878
 +15.8833  +46.9667
 +15.7333  +46.3833
 +15.5642  +47.0232
 +15.4667  +47.2833
 +13.8714  +46.9258
 +13.0073  +46.1571
 +13.0506  +45.9061
 +12.3810  +46.1410
 +12.4833  +46.6000
 +12.7314  +46.8472
 +14.7333  +47.1500
 +14.8500  +46.7667
 +11.8667  +44.3500
 +13.7636  +45.1100
 +13.6255  +43.4920
 +13.2500  +42.7000
 +11.8078  +43.3669
 +11.6000  +43.2833
 +9.8167  +45.2000
 +9.7023  +44.4469
 +11.2576  +44.5454
 +11.2923  +42.5980
 +11.0833  +42.8833
 +11.4500  +43.6833
 +10.6833  +47.5333
 +9.1833  +48.8333
 +4.8000  +51.1333
 +3.5809  +50.1984
 +3.9627  +50.2643
 +6.2793  +47.6957
 +5.1667  +50.0000
 +6.5212  +47.3099
 +7.3014  +48.2854
 +7.0811  +47.3890
 +6.4534  +47.6223
 +0.9667  +49.2500
 -2.8167  +53.3667
 -3.4500  +53.2667
 -4.2833  +53.0333
 -7.8000  +53.7333
 -6.1667  +54.9833
 -2.8833  +56.4500
 -3.0333  +56.1667
 -2.4273  +56.7481
 -0.8167  +54.0000
 -3.3333  +55.9167
 -2.5167  +53.7167
 +5.3457  +52.0334
 +11.6833  +57.9833
 +14.8167  +55.1667
 +13.8000  +58.2333
 +12.0340  +55.9444
 +16.3013  +52.0073
 +19.5508  +51.8839
 +19.9728  +52.0264
 +20.4639  +52.2666
 +19.8808  +53.8390
 +18.9008  +53.6846
 +19.4178  +54.2713
 +22.9727  +53.9081
 +23.3167  +54.5833
 +24.4833  +55.6333
 +24.4417  +55.7083
 +23.3500  +61.4667
 +23.0500  +62.1167
 +24.3769  +58.7153
 +28.4654  +56.2955
 +37.9380  +54.9212
 +38.3994  +54.7481
 +47.8711  +56.6369
 +46.0892  +52.8589
 +42.8333  +55.9000
 +54.9207  +57.0538
 +50.4818  +53.0145
 +76.1804  +43.1482
 +75.4533  +43.5581
 +73.8786  +54.6570
 +117.1000  +60.2333
 +102.9104  +53.4357
 +112.6675  +37.7447
 +114.3958  +35.7111
 +110.0664  +34.5653
 +115.8333  +36.6667
 +115.8175  +38.8700
 +116.9833  +35.3000
 +117.8333  -34.5167
 +120.0469  -33.5830
 +121.2931  +30.2489
 +117.5325  +37.6517
 +117.1399  +51.5910
 +115.5167  +52.3500
 +87.6005  +43.8010
 +78.9667  +44.5500
 +73.0102  +33.5941
 +58.3833  +37.9500
 +44.3825  +40.4861
 +46.5113  +38.8056
 +46.1253  +38.1736
 +44.9667  +39.5000
 +41.5667  +38.0333
 +45.1958  +34.7294
 +46.5877  +35.8849
 +44.4858  +42.1242
 +45.7556  +43.3021
 +45.7764  +43.4281
 +45.0947  +41.4547
 +38.9167  +38.5500
 +36.7219  +41.1989
 +40.1110  +40.7874
 +29.4711  +46.8306
 +22.9333  +47.4167
 +18.7831  +45.4556
 +18.1265  +40.0514
 +18.2500  +40.2667
 +20.5933  +41.2406
 +22.6653  +41.4053
 +20.4878  +44.7858
 +26.7352  +47.1238
 +25.8411  +47.3849
 +26.3667  +47.1667
 +22.6895  +50.1419
 +20.9078  +51.6693
 +20.4806  +51.9394
 +18.3974  +52.5111
 +21.7995  +53.1442
 +19.7420  +54.0905
 +16.5833  +53.7167
 +17.4983  +52.7445
 +17.3833  +52.4833
 +17.9485  +52.0478
 +17.7066  +51.8581
 +14.9667  +51.9333
 +13.6167  +52.3667
 +14.0167  +53.7167
 +13.2833  +53.6167
 +14.4117  +53.3627
 +9.7535  +52.0189
 +9.2708  +50.7518
 +11.0667  +45.6833
 +11.4667  +45.3500
 +9.6377  +46.9902
 +9.0500  +47.1167
 +8.2335  +46.8993
 +9.7500  +47.9833
 +10.3000  +48.6500
 +10.2500  +47.8667
 +11.4167  +49.2000
 +11.2500  +45.7333
 +10.8500  +44.6000
 +10.7632  +44.4515
 +8.8167  +44.4333
 +6.8167  +44.9833
 +6.2350  +43.1371
 +5.5112  +43.8584
 +4.2651  +45.5619
 +6.1167  +45.0333
 +5.2870  +44.9986
 +4.7039  +44.9220
 +3.8167  +45.3833
 +5.2153  +45.7570
 +6.5602  +45.4709
 +6.1053  +45.7083
 +6.1018  +46.1839
 +6.0103  +46.1442
 +4.9453  +46.8756
 +5.2162  +46.7831
 +4.4818  +46.3065
 +4.4186  +46.1931
 +5.3776  +46.0807
 +6.0058  +46.1545
 +3.2801  +47.0760
 +1.6301  +46.6225
 +0.0833  +48.3500
 +0.2961  +47.4257
 +0.9093  +46.3225
 -0.2864  +44.8180
 +0.2072  +42.4645
 -0.0423  +41.7159
 +0.7544  +43.0162
 +1.5350  +42.8770
 -2.7443  +40.8482
 -7.6528  +38.1713
 -5.8459  +36.1369
 -7.5667  +43.0000
 -7.4402  +41.5881
 -7.2590  +42.4830
 -8.3833  +42.1167
 -8.7500  +42.8667
 -8.6167  +42.2000
 -5.8643  +43.5787
 -5.5735  +43.2599
 -3.2500  +43.1167
 -1.6716  +42.7177
 -6.3194  +42.9393
 -0.9500  +42.8333
 -3.0257  +42.7754
 -1.7500  +43.0833
 -0.7533  +42.7565
 -0.8114  +41.0331
 +0.2039  +42.3204
 -2.2667  +42.6167
 -7.0159  +42.8829
 -8.3089  +41.3821
 -7.9983  +41.0970
 -7.9500  +42.3167
 -8.7364  +41.3135
 -8.3491  +41.0522
 -8.3207  +40.8004
 -4.9180  +39.9629
 -5.6341  +37.0795
 -4.3500  +34.9100
 -16.3333  +28.5333
 -5.4500  +35.2833
 -17.8667  +28.5667
 -58.7618  -34.5096
 -58.5167  -34.6500
 -58.5661  -34.5999
 -55.9000  -34.7000
 -60.6833  -33.1000
 -71.2272  -30.2008
 -64.6781  +32.3817
 -51.8167  -30.8500
 -54.6667  -30.9833
 -5.6000  +50.1833
 -8.2211  +53.2108
 -6.7000  +61.4000
 -2.8833  +56.5833
 -8.7833  +52.1667
 -8.8933  +52.9394
 -4.1178  +51.7536
 -0.3500  +53.2333
 +5.7380  +53.1576
 +10.5749  +52.9043
 +16.2079  +52.2632
 +19.2613  +53.0535
 +22.2206  +52.1678
 +22.5730  +51.7058
 +23.7297  +53.1686
 +27.3917  +53.8397
 +26.7074  +53.5092
 +39.8334  +54.7897
 +59.2106  +53.8769
 +63.5960  +54.6780
 +86.1931  +56.9647
 +83.7333  +54.9667
 +88.4050  +56.5144
 +85.2000  +51.3167
 +91.4333  +52.8667
 +93.6215  +55.8529
 +116.5000  +51.8667
 +104.1867  +52.8976
 +124.2317  +41.6353
 +128.9972  +42.5397
 +127.0710  +37.3310
 +127.6411  +37.3042
 +127.2167  +36.9167
 +127.1046  +37.6020
 +128.2123  +35.7473
 +126.9306  +34.3836
 +126.7419  +37.5839
 +130.6206  +32.5024
 +121.5389  +24.9600
 +121.2000  +23.1167
 +116.2747  +23.6206
 +115.1504  +23.2332
 +114.5618  +23.4274
 +113.7486  +28.9689
 +107.5064  +28.6297
 +106.8908  +31.0666
 +105.6664  +29.7658
 +110.8632  +26.3441
 +112.5398  +25.2325
 +113.2025  +23.1024
 +120.5500  +14.9833
 +120.5421  +15.0716
 +120.8104  +14.8443
 +120.8839  +14.3389
 +121.0708  +14.5158
 +121.1110  +14.6379
 +121.0896  +16.2838
 +122.3994  -28.6253
 +128.0333  +26.6167
 +131.2908  +31.3850
 +130.6000  +33.2000
 +132.7167  +33.2833
 +134.2899  +35.3863
 +137.1333  +35.3167
 +137.7667  -34.5167
 +133.3833  +34.5667
 +130.4667  +32.5667
 +132.7661  +33.8417
 +133.7483  +34.5547
 +129.0086  +35.5589
 +127.5892  +34.9753
 +127.4394  +35.3156
 +119.8392  +29.2183
 +115.6000  +32.1167
 +113.9000  +29.9833
 +111.0150  +22.4708
 +100.6833  +14.7333
 +99.1667  +10.5000
 +99.4167  +9.1500
 +98.9493  +2.8775
 +100.3814  +5.4634
 +102.4000  +5.8333
 +102.1000  +3.0167
 +102.1716  +2.5219
 +103.8908  +1.3567
 +103.9561  +1.3411
 +101.7783  +3.1437
 +101.7952  +2.9885
 +99.6669  +7.3862
 +99.3140  +3.4148
 +99.3331  +9.1401
 +100.0779  +7.6179
 +99.9000  +12.6667
 +100.9333  +13.8833
 +100.6116  +13.7855
 +100.9835  +13.3622
 +101.1658  +12.6989
 +103.9966  +11.8551
 +105.0627  +13.5943
 +106.7319  +10.8342
 +107.0167  +10.9500
 +106.8141  -6.1616
 +106.9814  -6.3123
 +108.0067  -6.8522
 +106.8596  -6.1848
 +106.8065  -6.1969
 +102.5000  +5.7500
 +101.7073  +6.3981
 +100.3333  +14.9500
 +99.3370  +17.8805
 +91.1123  +23.9746
 +89.8500  +25.3000
 +87.8833  +23.0667
 +100.3000  +16.3833
 +105.4188  +21.3065
 +100.2333  +16.9167
 +114.1833  +22.3500
 +116.0333  -30.4667
 +119.4561  +29.0839
 +119.8667  +30.6000
 +120.6298  +31.3147
 +118.1167  -30.8833
 +117.9489  +28.6625
 +108.7667  +30.8500
 +114.3167  +30.2500
 +116.5528  +31.6500
 +115.7368  -31.7790
 +113.2500  +23.1167
 +118.4800  +24.7728
 +113.8825  +22.7874
 +117.5164  +25.5550
 +118.6150  +27.4294
 +115.6703  +28.3383
 +116.9111  +27.2973
 +118.9603  +27.4264
 +119.4058  +27.4092
 +116.3904  +23.4541
 +114.4000  +23.0833
 +114.1167  +22.2333
 +114.1833  +22.5500
 +113.2353  +23.2426
 +112.4662  +22.0507
 +109.0544  +19.3675
 +100.0000  +13.4000
 +109.1695  +21.6682
 +110.1558  +19.6656
 +108.8833  +15.0500
 +105.1193  +12.4287
 +102.2220  +2.2408
 +104.2000  -4.9833
 +105.5269  -5.1178
 +107.0764  -6.2747
 +111.8956  -8.2410
 +110.8962  -6.5648
 +110.4886  -7.0067
 +111.0197  -7.3700
 +111.6014  -6.6806
 +111.0167  -6.4833
 +111.4699  -6.6514
 +113.0598  -7.2001
 +111.6050  -6.7049
 +112.0493  -6.9021
 +116.6587  -8.5118
 +115.2230  -8.4203
 +116.2500  +5.7833
 +119.6339  -5.2482
 +120.8636  -2.5333
 +119.7993  -3.9275
 +121.0680  -3.1085
 +123.3219  +8.0382
 +124.3000  +7.2167
 +123.8586  +10.2861
 +122.6053  +11.4310
 +121.1410  +13.8055
 +120.9253  +13.8794
 +121.8469  +13.3222
 +120.3071  +22.6419
 +119.3333  +25.9000
 +119.4669  +27.0346
 +120.9903  +30.0751
 +121.2457  +30.1764
 +118.2417  +31.6250
 +122.9911  +39.7008
 +122.9097  +41.2172
 +126.7220  +37.5053
 +131.4300  +43.0400
 +131.9692  +44.3092
 +126.5742  +34.1775
 +128.8200  +35.0992
 +129.7228  +33.1592
 +128.6103  +34.7339
 +128.6811  +35.2281
 +130.4000  +31.9500
 +127.9833  +26.3712
 +121.2658  +31.1694
 +117.0824  -32.5325
 +120.4309  +30.5311
 +110.8464  +27.5467
 +94.8333  +26.2833
 +102.9894  +27.7716
 +100.3333  +24.3167
 +88.6303  +23.7769
 +93.0500  +27.3000
 +81.0402  +26.9200
 +79.3836  +27.9227
 +75.5967  +31.0964
 +74.8833  +32.1000
 +73.1835  +31.5678
 +75.1333  +32.9333
 +74.2222  +32.0472
 +77.1833  +30.9833
 +81.3000  +24.5333
 +75.4333  +27.2667
 +55.9432  +25.7895
 +61.6833  +27.1167
 +57.2627  +27.7286
 +51.3000  +36.6833
 +45.6067  +43.0561
 +44.6335  +43.7295
 +46.6592  +45.2701
 +49.4833  +50.7333
 +49.6917  +49.4378
 +53.9719  +49.6611
 +46.4560  +42.6491
 +47.9697  +42.0228
 +45.0503  +43.2386
 +41.6372  +41.6386
 +35.7201  +41.0748
 +34.4327  +40.8604
 +28.4028  +45.6842
 +27.6667  +46.2333
 +26.1000  +43.3667
 +25.4000  +44.5667
 +20.8403  +42.9075
 +23.2000  +46.2333
 +23.9764  +46.4483
 +21.8536  +45.8125
 +20.2164  +45.9025
 +20.2833  +46.7000
 +23.6333  +46.1500
 +25.2000  +45.1500
 +23.8667  +44.5000
 +20.6992  +44.4386
 +21.5972  +44.1961
 +18.4292  +44.2658
 +17.6231  +45.2789
 +17.7050  +45.2189
 +16.8094  +45.1767
 +18.3358  +45.6833
 +19.0586  +45.2361
 +18.0600  +45.5792
 +16.5714  +43.5719
 +16.3989  +43.9125
 +19.4333  +47.3000
 +19.4361  +47.6653
 +18.1751  +48.5178
 +20.9500  +48.3000
 +17.9387  +48.3084
 +17.7333  +48.3167
 +17.0704  +48.8397
 +14.0167  +48.2000
 +16.5833  +47.5833
 +15.1833  +47.2333
 +16.1667  +48.1500
 +14.5167  +46.4667
 +13.8472  +46.1092
 +12.1764  +45.3200
 +9.2725  +45.5801
 +11.3666  +42.7918
 +14.9667  +41.6833
 +16.8608  +39.1328
 +16.3667  +39.0667
 +15.9315  +38.6758
 +16.4667  +38.4667
 +17.7000  +40.6500
 +13.8500  +43.0167
 +16.0833  +43.5667
 +17.2574  +46.7658
 +16.2000  +47.9500
 +16.4333  +47.7500
 +15.9500  +47.4333
 +15.8667  +48.1167
 +15.7587  +49.4076
 +15.5167  +48.7500
 +14.5667  +50.1833
 +14.8893  +50.3513
 +14.8472  +50.1441
 +15.4751  +51.7042
 +10.3333  +54.4333
 +9.3578  +55.2537
 +5.1723  +59.7928
 +6.3333  +58.5333
 +5.7453  +59.8638
 +9.4500  +59.8500
 +9.2000  +59.0167
 +21.6333  +55.6667
 +20.4283  +53.9179
 +18.4833  +54.6833
 +15.2985  +53.9398
 +22.7775  +55.4289
 +22.3667  +60.3667
 +21.4000  +60.7667
 +22.7333  +60.5833
 +23.6667  +61.1333
 +21.9167  +61.0833
 +21.6667  +62.7167
 +24.4333  +60.4833
 +22.2500  +61.6167
 +17.2167  +60.6833
 +14.2720  +59.5318
 +14.1333  +58.3833
 +5.9333  +61.6667
 +11.6644  +62.1024
 +5.2500  +59.4833
 +5.4004  +61.3635
 +13.2333  +59.5833
 +26.5500  +65.5167
 +27.9833  +64.4000
 +29.1000  +64.4833
 +22.3000  +63.2000
 +23.8000  +61.8833
 +25.9000  +60.3833
 +25.0956  +59.1256
 +24.8167  +60.2800
 +22.7696  +54.2609
 +22.4333  +53.1000
 +20.3500  +52.0833
 +24.0333  +54.0500
 +25.1833  +50.8833
 +26.1849  +50.6015
 +22.5667  +50.1667
 +20.8446  +49.6790
 +35.0000  +46.9167
 +38.1760  +45.6473
 +41.0305  +45.3510
 +39.0733  +46.9844
 +40.2400  +45.5161
 +26.1833  +45.8500
 +26.0000  +45.6000
 +29.3583  +46.8425
 +38.4452  +45.7529
 +33.9619  +44.8361
 +27.0167  +44.6167
 +24.9667  +45.0167
 +25.9496  +44.6017
 +25.0000  +45.7833
 +26.2090  +44.9444
 +20.8769  +49.2634
 +20.8833  +49.6167
 +20.9500  +49.0500
 +20.7500  +49.2167
 +21.6787  +48.4690
 +21.9500  +49.2500
 +12.9706  +47.9194
 +11.5833  +48.4667
 +11.4167  +49.5500
 +9.7667  +51.5000
 +4.9500  +51.1000
 +6.5667  +50.4167
 +0.8667  +52.0833
 -0.7500  +52.4333
 -1.0333  +52.7167
 -3.9167  +56.0167
 -3.5167  +55.0667
 -1.2500  +53.2500
 -0.9833  +52.9167
 -0.7500  +53.5500
 +0.3167  +51.9000
 +0.3167  +52.0000
 -0.0333  +51.6333
 -0.9167  +51.1333
 +1.2339  +47.6135
 +2.2049  +48.9711
 -3.4964  +51.1678
 -1.2254  +49.0439
 +2.4286  +50.2952
 +3.0480  +49.5883
 +5.0039  +48.7833
 +4.9798  +49.6342
 +5.9154  +49.4336
 +5.6000  +49.5667
 +8.2167  +48.8000
 +8.5334  +47.1434
 +9.9667  +47.0167
 +11.2833  +47.7833
 +15.2667  +47.1167
 +15.2833  +47.4167
 +15.2333  +45.4833
 +18.7167  +46.0167
 +19.0294  +42.6517
 +17.4006  +43.5511
 +16.3411  +43.3553
 +16.2258  +38.6829
 +15.7126  +38.0103
 +12.9689  +37.6041
 +14.8833  +37.0833
 +18.4200  -34.1559
 +18.4213  -33.9410
 +10.5372  +35.8728
 +8.7842  +34.4250
 +8.7842  +34.4250
 +12.7882  +38.0242
 +9.6833  +40.5667
 +11.6833  +44.0500
 +11.5855  +44.3985
 +11.1167  +43.9833
 +8.8500  +45.5833
 +8.2167  +48.1333
 +7.0667  +49.4167
 +7.0252  +48.9411
 +4.6572  +49.4869
 +0.8528  +49.5995
 +0.6348  +49.5310
 -2.4167  +51.8167
 -2.8922  +51.5450
 -3.7841  +50.2825
 -2.8178  +48.5705
 -1.6795  +47.5965
 -2.7000  +48.0667
 -1.5333  +47.6167
 +1.0094  +47.7235
 -0.1208  +46.5898
 +0.4167  +45.2000
 +3.4500  +44.2000
 +5.7510  +43.7617
 +4.3615  +44.9829
 +3.9945  +44.1149
 +3.0811  +45.8314
 +2.1729  +47.6089
 +2.6167  +47.0333
 +2.4500  +47.1667
 +2.5667  +46.2833
 +3.4726  +46.2554
 +3.0519  +46.6760
 +4.8952  +47.1864
 +6.4885  +46.8666
 +6.2232  +46.2457
 +6.5206  +46.5466
 +8.0500  +45.5667
 +6.9959  +45.3206
 +7.4000  +44.2333
 +9.1156  +44.3722
 +9.4453  +45.3580
 +9.5596  +45.6818
 +9.2851  +44.3817
 +8.3333  +44.3500
 +9.1667  +45.5333
 +9.0944  +45.3310
 +9.1833  +44.6667
 +6.8333  +46.1500
 +8.2833  +47.6000
 +7.2942  +47.9291
 +7.3295  +47.5388
 +6.9241  +47.4899
 +6.1403  +47.0331
 +5.7265  +45.1129
 +7.6167  +47.7833
 +7.5727  +48.2079
 +8.3102  +47.2678
 +8.6188  +47.4183
 +7.4439  +48.1255
 +5.6365  +47.5814
 +5.8450  +47.7187
 +3.4325  +47.4974
 +0.7838  +44.0607
 -0.3000  +45.4500
 -0.4290  +46.0490
 +1.5719  +46.1559
 +0.2549  +44.8265
 +0.4749  +44.6138
 +1.8978  +45.2303
 +2.7350  +45.5124
 +2.8419  +46.7275
 +0.3778  +46.9756
 +1.5824  +47.3444
 -4.7878  +51.9139
 -7.8269  +53.2694
 -7.2703  +52.5831
 -6.5789  +53.0144
 -55.4667  +47.6833
 -62.8833  +46.0167
 -71.6176  +42.4918
 -73.6720  +41.2888
 -74.2563  +40.2182
 -74.1064  +40.6705
 -64.5321  +44.3501
 -63.6833  -40.4333
 -73.6862  +40.7939
 -61.3167  -33.7000
 -60.9363  -35.9883
 -61.9028  -31.0902
 -49.6774  -25.5215
 -72.6000  -38.7333
 -75.2897  +38.4097
 -80.8566  +41.7564
 -75.8427  +40.0107
 -79.9810  +39.7577
 -83.9399  +39.9901
 -79.8664  +40.1251
 -83.1201  +39.8639
 -83.1016  +37.3340
 -79.8687  +33.3570
 -82.1525  +32.5389
 -84.3152  +33.0181
 -85.6725  +33.2510
 -87.6662  +31.0326
 -87.1980  +33.2904
 -86.9939  +33.5792
 -81.2177  +37.4443
 -90.0417  +32.8065
 -90.1268  +35.5365
 -96.7297  +36.1179
 -98.2063  +37.9992
 -108.4201  +37.2971
 -105.9919  +38.5360
 -106.7802  +36.2140
 -104.3885  +30.1828
 -97.9161  +19.5845
 -99.1557  +20.4135
 -97.1583  +19.5667
 -96.8833  +19.2750
 -89.0278  +13.9381
 -76.9667  -12.0333
 -62.9833  +17.4667
 -69.6667  +18.6167
 -71.4492  +10.4694
 -74.2168  +4.5794
 -76.8828  +0.0847
 -74.0486  +5.4778
 -80.4167  -0.6000
 -80.1333  -0.1667
 -76.9667  -12.1333
 -74.2875  +10.9972
 -73.2228  +6.6357
 -70.2333  +9.6333
 -67.9833  +7.5000
 -54.9344  -10.1693
 -49.6730  -3.7680
 -50.7914  +1.7433
 -39.7109  -10.3403
 -38.1167  -12.6667
 -39.4847  -11.4339
 -36.5217  -8.2919
 -39.1000  -12.0500
 -45.5202  -9.7274
 -49.1188  -26.8899
 -8.3747  +40.9727
 -8.3000  +41.0500
 -5.9062  +40.5068
 -3.4100  +40.5904
 -2.9497  +40.1657
 -3.1910  +40.2077
 -5.6641  +41.3920
 -5.9836  +42.0894
 -3.5580  +40.8857
 -3.6597  +40.3924
 -6.6820  +37.9488
 -7.1628  +38.8815
 -42.5167  -20.7667
 -17.4542  +14.6928
 -42.1703  -21.7633
 -48.3878  -13.4268
 -46.5895  -22.7817
 -43.7667  -21.0667
 -50.5167  -22.0667
 -49.4418  -18.3295
 -51.9833  -22.6167
 -50.3667  -21.8667
 -49.7167  -24.7833
 -9.6167  +51.9000
 -9.5167  +52.0500
 -45.2824  -22.0085
 -47.0210  -23.6880
 -8.5366  +39.9387
 -7.5555  +40.7054
 -5.4789  +40.4762
 +1.3000  +44.0167
 +2.5528  +45.0006
 +1.8540  +44.9263
 +4.0308  +44.3683
 +3.1358  +44.7010
 +3.3667  +43.8667
 +3.3833  +45.7333
 +3.7000  +45.6333
 +4.6250  +45.9873
 +4.1150  +46.2239
 +4.6715  +46.6708
 +5.7247  +46.7516
 +5.4865  +47.0216
 +3.3625  +46.4435
 +3.0551  +46.5025
 +3.0043  +46.7086
 +2.1167  +48.0000
 +3.3679  +49.0020
 +1.7726  +48.4636
 +2.8602  +48.9411
 +2.2886  +48.8939
 +1.4520  +49.8067
 +2.8774  +49.4378
 +3.6425  +50.0733
 +3.1671  +49.8566
 +3.0622  +50.5222
 +3.8400  +49.7130
 +5.2333  +50.9500
 +6.3000  +51.2167
 +6.0751  +52.9613
 +6.0680  +53.0045
 +6.4992  +52.4643
 +8.3833  +52.6333
 +5.3500  +51.1000
 +4.5333  +51.0667
 +4.0167  +51.0000
 +2.3707  +49.1308
 +2.2423  +49.1405
 +2.2918  +48.2260
 +1.3814  +48.3671
 +0.0214  +48.7314
 -0.7103  +48.6459
 -0.3391  +48.4950
 -4.2024  +48.4973
 -3.6396  +48.5277
 -0.9861  +46.7070
 -0.4633  +44.9269
 -0.4356  +45.4609
 -0.4915  +45.7015
 +0.6147  +45.1749
 -0.4333  +38.6167
 -3.0127  +37.0084
 -4.9000  +39.4333
 -5.5833  +40.3167
 -6.6378  +40.0613
 -5.9889  +37.6758
 -5.7935  +41.0394
 -3.6217  +37.9485
 -4.0915  +40.2044
 -2.8847  +39.9209
 -1.3667  +39.2000
 -0.7872  +39.1321
 +2.0366  +41.3436
 +3.1078  +42.0112
 +1.8119  +41.2351
 +5.3550  +43.2133
 +1.4961  +35.1857
 +4.5333  +36.4611
 +6.6333  +36.3667
 +7.6000  +45.8000
 +7.6701  +47.1441
 +9.0706  +47.4097
 +13.5197  +48.5397
 +14.3884  +48.7027
 +20.1879  +50.9913
 +21.4828  +51.3163
 +19.7290  +49.7307
 +18.1699  +49.5649
 +17.8000  +48.9000
 +18.5153  +48.6597
 +21.3167  +46.1500
 +26.8833  +42.7667
 +29.5833  +40.6500
 +27.6000  +43.0500
 +28.4650  +43.8388
 +28.0785  +46.8611
 +29.3461  +47.8869
 +27.9289  +47.7617
 +26.8861  +47.6174
 +27.0167  +47.7667
 +27.5667  +47.2167
 +25.4988  +44.8019
 +26.8000  +43.9667
 +31.3792  +41.1694
 +24.9167  +42.2667
 +27.2174  -32.8348
 +26.9667  +38.3000
 +24.7667  +42.6000
 +26.1667  +43.8667
 +27.4833  +43.6000
 +26.2281  +44.1862
 +24.5667  +43.7333
 +25.0833  +44.8833
 +34.1030  +44.4336
 +39.7567  +46.4583
 +23.2000  +42.7500
 +6.7600  +11.8141
 +9.5667  +11.4333
 +28.1494  -25.8058
 +31.3531  +30.1794
 +35.5783  +33.2356
 +44.5244  +33.8183
 +41.4806  +37.5867
 +39.0806  +37.0439
 +42.7000  +40.5833
 +44.6517  +40.9633
 +53.2836  +36.7443
 +46.7890  +34.9267
 +47.2679  +32.6941
 +55.5533  +25.5653
 +47.7833  -18.3333
 +55.5333  -20.9000
 +57.5833  -20.0500
 +71.0500  +22.8333
 +72.3833  +23.9167
 +73.9364  +26.2031
 +73.0667  +25.7000
 +76.4833  +24.9833
 +81.9167  +26.0500
 +83.9833  +25.5833
 +78.1167  +18.6667
 +78.6550  +17.4306
 +78.1333  +20.4000
 +83.6167  +21.3333
 +81.6333  +17.2500
 +81.7241  +16.8355
 +80.2000  +18.3167
 +79.4500  +17.3667
 +77.1000  +18.2500
 +80.9714  +16.2970
 +78.0083  +15.0130
 +76.2559  +9.9201
 +75.7000  +16.1833
 +75.1167  +15.7833
 +73.7069  +16.1156
 +73.8500  +15.5000
 +75.9667  +17.1667
 +76.3833  +18.7333
 +77.0500  +19.1833
 +74.4667  +16.1667
 +76.5667  +11.4833
 +76.9667  +9.8500
 +75.3500  +12.0500
 +78.9333  +13.6500
 +79.2197  +24.8305
 +79.2227  +24.6282
 +81.1167  +25.7833
 +78.8089  +24.6966
 +77.2000  +27.8667
 +77.4633  +29.5608
 +83.7239  +26.2744
 +79.7333  +26.1167
 +75.2333  +30.3167
 +71.1259  +29.0085
 +70.9247  +30.8754
 +69.5725  +32.2989
 +72.3873  +33.5937
 +74.0793  +32.9757
 +74.3517  +33.6147
 +67.9055  +27.8477
 +38.1667  +56.0333
 +23.1500  +53.3706
 +20.4756  +54.1484
 +14.2833  +52.6500
 +14.4333  +52.6667
 +12.6000  +51.8333
 +12.1667  +52.0500
 +9.1000  +50.8667
 +5.5167  +52.1000
 +4.6113  +51.6401
 +4.5833  +50.8333
 +2.9814  +50.0858
 +3.1667  +50.3173
 +2.4247  +50.5185
 +3.0530  +50.3793
 +5.1480  +48.3574
 +5.5269  +47.4584
 +5.9041  +46.9460
 +8.2833  +45.1333
 +9.3167  +45.7000
 +9.4642  +45.5671
 +10.4664  +44.3892
 +15.1333  +37.6833
 +15.2333  +37.8167
 +15.1382  +37.9020
 +16.3303  +39.2252
 +15.3167  +40.1500
 +15.2833  +40.2500
 +15.7833  +40.0333
 +16.3000  +39.8167
 +15.4500  +40.0833
 +14.8083  +40.7744
 +14.3652  +41.1210
 +15.0669  +40.5016
 +14.4167  +40.9167
 +14.3660  +40.8786
 +9.2799  +41.5894
 +8.6108  +39.1603
 +5.6374  +44.2322
 +8.9766  +39.4928
 +5.8897  +44.1697
 +5.7127  +47.1247
 +3.9711  +47.4164
 +4.3489  +47.1437
 +4.9640  +48.4569
 +5.1344  +51.8802
 +5.1900  +51.8887
 +5.9500  +52.0667
 +6.5613  +52.1980
 +6.7114  +52.5706
 +8.5833  +52.2333
 +9.5333  +55.2333
 +12.4333  +54.2000
 +13.4167  +54.3333
 +12.5265  +54.9610
 +9.2368  +53.8027
 +9.5376  +54.4565
 +9.3000  +53.5167
 +8.9167  +54.0167
 +9.9000  +53.4667
 +11.3489  +55.2861
 +8.3333  +56.2667
 +8.4916  +55.8013
 +8.5496  +55.1311
 +9.9551  +56.8947
 +4.6250  +52.6188
 +3.8000  +50.6167
 +2.9566  +49.8966
 +1.4362  +49.1176
 +1.5257  +47.7937
 +0.6996  +45.5897
 -0.2180  +46.3234
 -0.3976  +47.4559
 -0.3000  +45.7167
 -1.5309  +49.2170
 -2.4803  +47.2775
 -3.1127  +47.5980
 -1.3374  +49.3561
 -0.6748  +48.8538
 -0.2825  +49.2415
 +1.7544  +49.1956
 +1.6673  +49.5821
 +1.7738  +50.5546
 +2.9500  +50.7500
 +1.3833  +52.0333
 -0.4500  +51.9000
 +0.3667  +51.6667
 +2.2177  +50.9965
 -1.8833  +52.1500
 +4.7050  +50.0046
 +4.8000  +50.3500
 +7.5529  +47.5012
 +8.9167  +47.3333
 +7.6500  +45.3667
 +7.4484  +43.8785
 +6.2167  +44.2000
 +7.3667  +44.9500
 +10.6167  +43.0500
 +10.4333  +43.3833
 +10.5000  +43.8000
 +9.1833  +44.7500
 +10.3428  +46.0300
 +13.9797  +45.7967
 +14.5667  +46.2000
 +14.3772  +46.7830
 +14.3500  +48.2333
 +13.7833  +48.1000
 +11.9000  +47.9833
 +11.7667  +47.8833
 +11.2333  +48.8833
 +14.6833  +50.1167
 +14.0248  +49.5326
 +18.6869  +49.4210
 +17.0667  +49.2833
 +18.2022  +50.0071
 +17.7094  +49.8989
 +17.4167  +49.2333
 +17.2998  +49.8208
 +17.7765  +50.4936
 +15.9167  +51.1167
 +7.5833  +52.5167
 +5.1167  +51.3500
 +4.7747  +51.5143
 +4.1817  +51.4171
 +1.5253  +50.0414
 +1.8536  +49.5492
 +2.6487  +49.6990
 +3.4624  +50.1535
 +3.6833  +50.7333
 -0.4000  +51.4000
 -54.0500  +47.1833
 -65.3735  +45.6496
 -67.7466  +46.9266
 -65.0754  +45.9489
 -67.0592  +44.8081
 -72.4353  +43.1418
 -70.1928  +44.6159
 -69.6344  +43.8070
 -78.7742  +40.3011
 -82.1401  +37.6484
 -81.6354  +35.5300
 -84.8836  +37.9151
 -85.7026  +37.9633
 -86.7666  +38.9371
 -85.8065  +42.0312
 -89.2898  +43.0125
 -90.9565  +42.6797
 -88.4391  +43.4827
 -85.6500  +48.6833
 -87.9317  +45.5944
 -92.5884  +44.6609
 -91.6707  +47.0227
 -90.5393  +42.5236
 -87.7893  +41.8725
 -83.7408  +41.4192
 -82.9374  +42.3759
 -81.8337  +43.0750
 -79.7463  +43.1607
 -80.6967  +43.2090
 -80.2550  +44.1064
 -71.5158  +48.4501
 -63.2028  +45.5310
 -59.9527  +46.1218
 -28.1632  +38.4111
 -3.7833  +50.6333
 -2.0167  +50.6000
 -1.3833  +50.9000
 +0.7833  +44.8667
 +0.5013  +43.3823
 +0.6716  +44.6189
 +0.5224  +44.3800
 +0.2419  +44.3743
 +2.4634  +44.4745
 +1.8080  +45.1870
 +0.4157  +44.9979
 +0.8167  +44.8167
 +2.1795  +44.5031
 -0.4500  +43.1333
 -1.0572  +43.3844
 +1.3519  +43.4798
 +3.2667  +39.7333
 -0.5667  +40.2667
 +1.8833  +41.4934
 -0.4167  +39.5167
 -0.5310  +39.7416
 -0.1090  +38.7549
 -0.1268  +38.7731
 -0.7965  +38.0864
 -1.3081  +35.2808
 -4.2146  +37.9454
 -8.2354  +37.1011
 -16.7201  +28.0501
 -8.3797  +37.9997
 -15.5118  +28.1001
 -40.9708  -10.1871
 -42.3696  -9.5411
 -44.6592  -16.0717
 -55.1500  +5.8167
 -59.6167  +13.1000
 -55.9829  -15.4543
 -43.5087  -7.0888
 -45.4770  -9.9228
 -43.7099  -16.3278
 -45.4500  -10.9167
 -54.6333  -28.2833
 -9.2333  +52.3167
 -5.1974  +50.3106
 -0.5531  +45.0791
 -0.1531  +43.9028
 +0.0431  +43.8000
 +1.0379  +43.3426
 +1.9661  +42.9520
 +2.1238  +42.7379
 +0.9667  +42.9370
 +1.2805  +43.2004
 +2.1986  +44.4527
 +3.1256  +45.4030
 +3.2658  +46.8506
 +2.8040  +47.0706
 +6.9050  +47.1771
 +7.1454  +47.5937
 +6.7500  +49.9167
 +8.6000  +50.4667
 +7.7167  +50.0833
 +7.7667  +49.8833
 +6.5667  +49.6667
 +7.1500  +50.3667
 +4.3274  +50.1511
 +5.6833  +50.5667
 +4.6000  +50.8167
 +4.0385  +51.6503
 +4.3833  +51.1667
 +3.4433  +51.2461
 +3.1346  +49.5252
 +3.2963  +49.4017
 +1.5903  +49.3829
 +1.6167  +49.3167
 +1.6876  +49.1769
 +1.7728  +49.8162
 +2.2546  +50.5394
 +3.5723  +49.4758
 +4.4500  +50.8667
 +4.5167  +51.2000
 +3.8167  +51.0667
 +4.6500  +51.5833
 +3.5555  +49.5296
 +3.4773  +48.8420
 +3.9434  +47.9112
 +4.9351  +47.9149
 +9.2269  +47.3259
 +8.7111  +47.3056
 +8.6498  +45.9952
 +9.1000  +46.0833
 +10.4667  +47.1000
 +9.5333  +47.6833
 +9.1500  +47.7333
 +9.1167  +48.2333
 +8.5333  +47.4000
 +7.4667  +47.4500
 +6.7076  +48.5392
 +6.9333  +51.2167
 +7.7333  +51.0667
 +7.5693  +51.0006
 +9.3667  +48.9833
 +8.8833  +48.4833
 +9.6167  +46.0000
 +8.5520  +45.8342
 +8.1667  +45.6167
 +9.3833  +45.6333
 +13.7814  +45.5853
 +15.7500  +47.1167
 +15.6667  +47.0500
 +16.0667  +48.2000
 +14.7167  +48.2000
 +15.6500  +48.0667
 +13.6333  +48.5833
 +13.8167  +48.4667
 +15.0197  +50.2839
 +15.5211  +50.3885
 +14.0726  +50.4097
 +14.5393  +50.0489
 +14.2478  +50.3617
 +13.4444  +50.9000
 +13.3667  +51.1167
 +12.0726  +51.1097
 +9.5333  +51.3333
 +10.2333  +50.3333
 +11.6833  +48.5333
 +11.8000  +48.6667
 +11.9333  +50.1833
 +8.3992  +49.5186
 +7.2810  +48.8192
 +8.2000  +48.8000
 +8.2167  +48.9333
 +7.0376  +49.0257
 +7.6667  +49.3667
 +5.8833  +50.5333
 +10.7833  +51.2667
 +11.3167  +50.3500
 +11.3500  +49.8000
 +10.3500  +52.6667
 +9.5333  +53.2833
 +8.1833  +53.1333
 +7.5333  +53.3667
 -2.3500  +57.1333
 -2.5333  +57.0167
 -2.3500  +57.6500
 -4.4167  +57.9833
 -72.6667  +48.8833
 -72.5167  -51.7333
 -83.4000  +47.8333
 -105.2603  +43.2319
 -105.1150  +36.5581
 -103.0333  +20.5833
 -111.3989  +33.3616
 -104.2500  +19.2833
 -97.1000  +18.9167
 -100.4772  +23.1935
 -103.3463  +23.6246
 -102.3415  +32.8934
 -101.0500  +28.2667
 -98.5368  +33.8019
 -95.4865  +35.4364
 -94.8323  +36.9662
 -91.8463  +32.2648
 -95.4525  +29.4185
 -97.2100  +32.6437
 -96.2813  +32.3605
 -116.8356  +33.6425
 -117.5723  +34.4261
 -121.3111  +38.2910
 -111.5280  +33.1911
 -121.2563  +39.5932
 -120.6214  +38.2068
 -120.8367  +39.1977
 -120.2568  +37.9947
 -117.6643  +33.4551
 -144.4396  +61.5156
 -117.8607  +47.6983
 -127.7000  +52.3500
 -107.0345  +53.5001
 -119.5029  +37.0026
 -104.5333  +52.6667
 -101.0333  +50.1333
 -96.5942  +48.7531
 -95.8877  +47.6530
 -109.7516  +50.4501
 -97.2663  +37.6282
 -86.7311  +21.2311
 -89.2140  +20.7718
 -97.3500  +18.3167
 -96.1772  +19.1278
 -97.7333  +18.9000
 -97.7472  +17.7286
 -99.1969  +19.4499
 -101.1339  +20.6208
 -100.1833  +20.7167
 -99.3333  +19.3564
 -89.6833  +13.9333
 -99.3350  +18.7262
 -96.4500  +17.1167
 -99.4187  +28.0305
 -88.2723  +30.7564
 -90.7990  +29.3725
 -92.2929  +38.6920
 -93.4340  +37.0047
 -86.8634  +37.6660
 -83.8352  +40.5595
 -79.6339  +41.2226
 -77.5010  +42.4837
 -79.5014  +44.1149
 -78.7158  +44.1609
 -75.6893  +43.2715
 -74.6287  +43.0423
 -73.1581  +45.3418
 -63.0745  +45.4719
 -70.2870  +46.5782
 -64.2925  +44.4889
 -64.8333  +46.0667
 -64.4178  +44.3784
 -3.2167  +54.1833
 -1.0833  +52.4333
 +2.2635  +50.3972
 +2.6868  +50.0809
 +1.8313  +50.8933
 +5.0413  +51.6744
 +5.8507  +52.4497
 +5.2333  +50.3833
 +4.4804  +49.5382
 +4.6865  +49.1375
 +5.4667  +50.8500
 +5.4436  +50.6022
 +4.8167  +51.0333
 +4.9000  +50.9333
 +3.7167  +50.8667
 +5.7333  +49.7667
 +4.5667  +49.5167
 +5.3833  +50.3000
 +7.5529  +48.6712
 +6.5745  +48.1617
 -3.5333  +50.9000
 -1.1167  +47.1000
 +1.0403  +47.0555
 +1.9500  +47.4833
 -0.2831  +48.9736
 -0.3951  +48.9891
 -1.7333  +51.9500
 -3.6767  +51.5333
 -1.2167  +53.8500
 -0.2667  +54.1500
 -0.8833  +53.0667
 -0.4500  +53.2667
 +1.2000  +52.5000
 +1.6343  +49.9372
 +0.3000  +51.5500
 +0.3840  +47.6830
 +0.0500  +44.3333
 -0.2500  +43.5167
 -5.7073  +43.3024
 -8.4673  +40.8204
 -7.6685  +41.4770
 -7.4675  +41.2292
 -5.7167  +42.1000
 -8.4456  +40.2907
 -8.4954  +39.7765
 -8.7861  +38.3806
 -9.1927  +38.8390
 -41.0500  -19.2500
 -41.3374  -17.6791
 -48.3833  -19.2333
 -63.0000  +18.2500
 -57.5167  -16.5333
 -61.5833  +16.2500
 -61.2333  +15.9000
 -61.3833  +15.2833
 -61.0567  +14.8329
 -61.7500  +12.0500
 -61.5000  +10.1333
 -61.4333  +10.2500
 -61.5167  +10.6667
 -61.3333  +10.6333
 -59.6167  +13.2167
 -61.7167  +16.0000
 -60.8833  +13.9000
 -63.0961  +10.3089
 -45.7438  -8.4719
 -48.6122  -0.4862
 -37.5667  -5.7833
 -57.0000  -0.9833
 -61.5000  +7.3000
 -62.7333  +8.9833
 -66.2881  +10.1133
 -69.8864  +18.4700
 -72.4167  -13.5667
 -80.0855  +26.3453
 -64.9933  -33.1754
 -67.6333  -27.6833
 -77.3667  +18.4000
 -70.5000  +19.4167
 -68.2667  +12.1500
 -71.6333  +19.4833
 -76.8860  +34.6885
 -76.3636  +37.8025
 -76.1658  +40.1757
 -72.6764  +42.0704
 -73.7881  +40.7280
 -73.9768  +41.2118
 -75.0429  +41.8423
 -70.0731  +44.4354
 -78.9499  +40.1992
 -75.2267  +40.0143
 -63.5804  -32.6107
 -69.9333  -27.0833
 -42.7661  -18.1678
 -42.6064  -16.9078
 -43.0833  -10.9833
 -41.2833  -20.1500
 -39.7915  -14.9031
 -8.7510  +39.9790
 -8.1019  +40.5315
 -8.3881  +39.4918
 -8.3476  +39.4973
 -4.3095  +40.9918
 -0.6455  +43.6642
 +2.9368  +44.5339
 +4.6447  +45.8780
 +4.7915  +46.5515
 +6.6045  +46.6589
 +6.7491  +47.0562
 +9.1500  +45.6500
 +9.4276  +45.6405
 +9.5549  +45.5422
 +8.0855  +45.4880
 +7.3000  +46.7167
 +7.2636  +47.0963
 +7.0518  +47.0284
 +7.6706  +46.7640
 +7.6961  +46.6585
 +6.7780  +46.4821
 +6.2047  +46.4154
 +3.1590  +46.9896
 +3.9031  +48.4695
 +3.2743  +48.3650
 +1.8615  +46.8849
 +2.9833  +47.1167
 +1.8776  +48.5860
 +2.4225  +48.6022
 +2.9304  +48.3355
 +2.7681  +48.5428
 +3.2015  +48.9020
 +3.7435  +49.7002
 +10.9000  +52.8833
 +15.8423  +53.2961
 +20.4114  +52.6009
 +20.6663  +52.9372
 +21.2069  +52.8227
 +22.1726  +51.3451
 +21.7831  +50.6568
 +21.1500  +51.8333
 +21.2953  +51.6633
 +21.0059  +49.7273
 +21.1573  +50.3794
 +20.5667  +50.4500
 +21.6833  +50.2833
 +24.5694  +48.6348
 +20.3319  +49.9305
 +20.1667  +50.0167
 +20.8182  +50.2399
 +20.0137  +51.1322
 +17.7870  +49.8970
 +17.0667  +49.3667
 +17.4916  +49.3810
 +15.9500  +47.8333
 +15.6667  +48.1333
 +11.7167  +48.8833
 +13.1833  +48.3333
 +13.7333  +48.3833
 +13.6667  +48.2000
 +15.1582  +49.3623
 +14.4833  +49.6500
 +13.1333  +51.5167
 +11.3000  +53.7500
 +12.5167  +53.7833
 +11.5333  +53.6833
 +10.8500  +52.6833
 +11.5000  +53.8333
 +10.9000  +54.2667
 +10.7000  +53.6833
 +11.9677  +54.5683
 +7.0362  +53.1665
 +6.7145  +53.1432
 +9.2132  +52.7794
 +9.8167  +53.1667
 +10.4167  +53.9833
 +10.9667  +53.8000
 +10.0667  +53.6000
 +9.6500  +54.6500
 +12.6000  +55.7667
 +24.3889  +58.5114
 +27.4167  +56.7000
 +31.7465  +58.4171
 +39.8389  +56.1488
 +40.7377  +56.9227
 +42.7003  +56.1947
 +50.2135  +56.5481
 +45.8712  +55.7226
 +49.1470  +51.6431
 +41.7894  +51.5821
 +37.1611  +49.3095
 +36.5883  +49.7987
 +34.3129  +51.1502
 +28.5487  +50.2729
 +28.8569  +47.2847
 +31.8871  +49.2224
 +37.8214  +50.5709
 +36.9167  +52.2000
 +38.2844  +55.3975
 +32.8078  +53.8092
 +35.9671  +52.9995
 +46.4981  +51.6134
 +40.3412  +50.8588
 +41.4181  +52.8221
 +30.5953  +56.3982
 +30.9109  +56.0459
 +29.7253  +60.5196
 +27.7861  +62.1730
 +25.4167  +64.9333
 +18.2500  +65.0167
 +14.1833  +61.1500
 +17.8500  +63.9333
 +18.8833  +64.8167
 +16.7667  +64.4167
 +11.1333  +63.2000
 +9.6500  +61.6500
 +23.9333  +62.1667
 +28.6000  +61.9000
 +29.8284  +59.6600
 +31.3691  +58.6609
 +30.2059  +50.4147
 +26.2768  +52.0381
 +21.3555  +52.1912
 +19.1037  +51.4221
 +20.1864  +50.2170
 +20.4500  +50.0500
 +20.7398  +50.5088
 +20.6607  +49.8532
 +20.5269  +49.4152
 +18.5063  +47.1027
 +18.8582  +46.5731
 +15.7906  +46.4236
 +15.9656  +46.7647
 +14.6167  +46.5333
 +14.0150  +46.6658
 +12.3364  +46.4178
 +12.4000  +47.9667
 +12.8167  +47.3167
 +15.8833  +48.1833
 +16.1500  +48.3667
 +15.9000  +48.5667
 +14.6000  +46.6167
 +12.8494  +46.8381
 +12.8333  +47.4000
 +14.2333  +48.4167
 +14.9500  +50.3000
 +13.8430  +50.6331
 +12.1000  +51.5667
 +9.1500  +54.1500
 +10.0500  +54.3667
 +11.4780  +55.6724
 +11.9833  +57.6333
 +16.6167  +56.8500
 +20.0333  +60.2500
 +25.0739  +60.2661
 +24.8878  +60.4289
 +28.8108  +61.1575
 +29.8083  +60.7189
 +37.6396  +59.1892
 +37.9058  +55.5814
 +41.3417  +56.7020
 +37.6361  +55.4050
 +48.5947  +52.8594
 +69.3969  +53.2824
 +78.3147  +45.4528
 +63.6436  +56.0825
 +52.7985  +54.5378
 +59.4891  +55.5736
 +57.9603  +52.5854
 +62.5000  +57.2333
 +50.8867  +35.8474
 +78.5324  +21.4213
 +83.5500  +18.2500
 +79.1167  +21.9500
 +98.4151  +9.1940
 +109.4700  -7.3594
 +109.5130  -6.8739
 +110.4200  -7.2450
 +112.3037  -7.6703
 +114.2101  -7.7507
 +117.0894  -8.4292
 +123.8461  +8.3096
 +125.6489  +7.1100
 +124.3072  +11.8036
 +123.4953  +13.2589
 +122.5922  +10.6558
 +120.5983  +14.5619
 +120.4489  +15.3597
 +121.1208  +14.2108
 +120.3150  +23.3053
 +120.5597  +23.9858
 +122.2829  +30.0270
 +121.8750  -33.8570
 +126.5814  +37.6522
 +127.0833  +37.5167
 +137.1000  +37.4167
 +139.5708  +37.7292
 +137.3333  +37.4333
 +140.2736  +38.1539
 +141.1167  +38.9833
 +146.2333  -38.2500
 +140.3167  +35.7833
 +139.9804  +35.8210
 +139.4948  +35.3423
 +139.4174  +35.5454
 +138.4167  +35.7833
 +139.5500  +35.3333
 +139.9484  +35.7102
 +141.3667  -35.2333
 +145.0667  -37.0333
 +145.1667  -37.9500
 +145.9500  -37.9333
 +150.9241  -33.8826
 +150.8807  -33.9112
 +150.5500  -34.1500
 +147.3516  -35.1452
 +150.4306  -34.4393
 +151.4815  -32.8378
 +151.5154  -32.7908
 +151.2167  -33.7333
 +151.0833  -31.2000
 +153.0583  -27.4833
 +153.0445  -27.3559
 +152.8828  -27.5594
 +152.5970  -27.5661
 +152.8667  -27.6000
 +153.1833  -27.5167
 +152.0333  -26.8833
 +152.0528  -27.5309
 +151.9625  -27.5868
 +152.1333  -28.0500
 +153.1500  -28.8667
 +150.7893  -23.1876
 +151.7667  -27.0500
 +148.6833  -20.2833
 +144.7863  +13.4443
 +141.9090  -12.6980
 +145.0167  -26.6333
 +149.7833  -29.9167
 +151.3500  -30.4667
 +150.8901  -32.2612
 +166.0500  -21.8667
 +150.6000  -33.7167
 +147.0667  -41.0000
 +143.3647  -37.6860
 +141.1790  +38.4089
 +144.5643  -37.9728
 +145.9333  -41.0833
 +142.2092  +47.9978
 +147.3317  -42.8832
 +151.7000  +62.2667
 +129.1370  +61.4777
 -143.6665  +70.1241
 +139.9757  +69.3096
 -165.4772  +61.7448
 -114.1833  +64.1833
 -123.5490  +46.5590
 -114.1807  +47.2771
 -121.4870  +45.7993
 -121.8957  +41.7497
 -119.3292  +40.8662
 -112.2444  +38.4155
 -108.0287  +45.3693
 -94.7495  +43.6692
 -91.9297  +46.5599
 -100.7244  +43.6203
 -97.6986  +42.0322
 -93.9343  +40.8324
 -84.1661  +42.0076
 -92.0791  +40.9333
 -77.6167  +44.5167
 -75.1078  +40.0979
 -69.1778  -38.8056
 -54.9167  +47.3667
 -61.2610  +45.9593
 -7.3740  +54.5710
 -6.2667  +54.4667
 -3.4933  +51.4569
 -3.0841  +51.0483
 -4.4173  +41.2576
 -0.7913  +46.0773
 -3.6949  +41.1815
 -4.0500  +41.1333
 +0.2667  +45.6833
 -0.3923  +43.8899
 +0.8994  +43.0848
 +1.0382  +42.9313
 +1.9501  +44.5995
 +0.0247  +46.0746
 +0.0364  +46.2467
 +0.3684  +49.5561
 +0.4577  +49.4855
 +3.5500  +50.9833
 +2.6363  +50.3736
 +3.5667  +51.1833
 +4.3978  +51.3602
 +4.7000  +51.2667
 +7.1000  +50.5500
 +6.4167  +50.1667
 +7.4388  +48.7182
 +7.4500  +49.3333
 +7.5333  +49.4667
 +7.4500  +51.0000
 +7.2333  +50.8500
 +7.6000  +50.6500
 +7.3000  +50.5500
 +7.5667  +50.5833
 +8.7089  +49.8314
 +8.3986  +49.5186
 +11.9167  +51.2333
 +14.5465  +53.4733
 +12.7667  +53.6000
 +13.0833  +54.2500
 +11.9833  +53.7167
 +11.9500  +53.6500
 +15.6995  +54.1941
 +13.6000  +54.1167
 +13.2045  +54.1884
 +9.9684  +55.3693
 +13.2500  +57.1167
 +9.8271  +59.5113
 +5.4000  +60.3333
 -1.3833  +60.2667
 +5.7667  +60.0167
 +5.2985  +59.3765
 +9.0000  +54.6000
 +11.1667  +52.3500
 +8.8333  +50.5167
 +9.7000  +49.6833
 +10.6500  +48.8667
 +10.4333  +49.3167
 +8.8167  +48.8667
 +7.6000  +49.5500
 +6.8822  +46.7276
 +5.1869  +45.9406
 +4.7425  +45.2667
 +5.4302  +45.9072
 +5.4221  +45.3979
 +3.9951  +44.9393
 +6.3227  +45.2726
 +2.1731  +44.8285
 +7.7089  +46.3210
 +7.4667  +45.4000
 +7.4283  +48.5428
 +4.7160  +48.4345
 +3.8630  +49.1751
 +2.2211  +48.7326
 +2.9496  +48.3836
 +6.3123  +47.8078
 +8.7160  +47.0695
 +10.7333  +47.0667
 +12.3588  +46.1208
 +11.6143  +45.5464
 +13.5167  +46.9667
 +14.8333  +48.1500
 +15.0171  +49.9117
 +16.4930  +49.3566
 +18.9538  +49.8548
 +19.2333  +50.4667
 +18.5328  +50.3906
 +18.5990  +50.7156
 +19.2123  +51.5368
 +19.1609  +51.2957
 +21.4392  +51.0093
 +15.9825  +46.9564
 +16.7640  +46.7803
 +14.9167  +46.9667
 +16.2000  +44.4667
 +13.3167  +41.7747
 +12.5167  +42.0167
 +13.0667  +42.0167
 +12.4000  +42.9167
 +12.8333  +43.3000
 +13.5833  +43.1500
 +13.6500  +43.0667
 +17.9372  +45.6961
 +20.2667  +46.6500
 +19.0022  +46.6400
 +23.4386  +51.3488
 +18.9132  +52.7328
 +19.4333  +50.1667
 +18.3401  +50.5107
 +15.4222  +52.0120
 +16.6621  +50.8181
 +17.9373  +50.3370
 +13.2833  +48.6333
 +13.0725  +49.7485
 +13.0833  +49.7167
 +12.2833  +49.9333
 +13.5167  +50.3333
 +12.6333  +50.7833
 +13.1833  +47.8000
 +15.9000  +46.7500
 +16.2142  +45.8508
 +16.5167  +46.4667
 +16.3667  +46.2500
 +14.4559  +45.3907
 +13.0717  +45.8839
 +13.5017  +45.7933
 +14.5044  +45.7125
 +15.1667  +45.7333
 +10.3500  +48.8500
 +8.7833  +51.5500
 +5.9000  +51.0500
 +5.7169  +51.7488
 +6.2883  +52.2493
 +7.7212  +52.3689
 +7.8167  +49.6667
 +9.3661  +49.9308
 +14.0864  +50.3218
 +13.8360  +50.4512
 +14.2167  +51.6500
 +13.5333  +51.0000
 +15.3853  +50.5119
 +16.2204  +51.2801
 +15.6988  +51.1813
 +14.9000  +51.6833
 +15.0308  +51.8140
 +15.2131  +51.6347
 +16.0333  +50.8833
 +16.4823  +51.8048
 +13.0000  +52.4667
 +14.7813  +52.6434
 +12.6667  +53.7500
 +16.7611  +52.2801
 +19.2892  +51.9598
 +23.3833  +54.5833
 +21.9333  +56.5333
 +27.6833  +60.5667
